1.1586334
-0.31157932
-0.22619537
2.0802016
0.028602390
1.5923194
-0.47054690
0.32522279
-0.75989044
-0.25514799
0.76259267
1.9626181
-0.50155908
1.5592473
0.21986867
0.97125316
0.91019237
1.7089623
1.3733081
-0.29976541
2.9734342
2.4979095
0.99959230
0.97816086
3.0622468
0.26324224
1.6490483
3.1904519
3.4713984
1.4517586
2.9811549
3.1398766
1.8897781
2.9829381
3.4018188
2.6973691
3.0002663
2.0529556
-2.6517415
-2.8630829
-1.9444413
-3.6029298
-3.2221344
-3.6695955
-2.4345813
-2.7761266
-2.6735299
-3.0430021
-3.4290109
-3.5757310
0.12033764
0.53054917
0.57423222
0.53878760
0.41155618
0.44193673
0.60276175
0.62668550
0.59637809
0.37657219
-3.3721154
-0.043234758
-0.68962657
-0.81755507
-3.1691658
-0.33820906
-2.7715991
-2.6908653
-1.7808353
-1.8477569
-3.4332190
-3.2620013
-0.52192068
-2.4234633
-2.4700580
-2.1176724
-2.8675990
-3.4852889
-2.0527298
-2.3959589
-3.0885870
-2.9926951
-2.9623001
2.1020961
-2.3897324
3.4363952
3.0281787
2.2668862
-2.3343868
3.6171987
3.6855366
3.4783986
-2.5687220
2.2695806
-0.85480165
1.4897333
1.4542824
0.90266711
3.1195805
0.0081102494
2.8436208
-1.2867684
-0.77902806
-0.16748169
-1.5087663
3.5975189
3.6440554
3.7525730
3.6903133
3.5645349
2.8306675
1.6006556
1.5083109
1.4298437
2.8663325
2.6607668
3.4390607
3.5718696
2.8810427
2.9351420
0.14332849
1.2441415
-0.92959154
-0.21771497
-1.1382074
0.63845927
-1.7011288
0.68968332
0.52983838
0.71239364
1.1039289
1.0407351
0.44932979
1.4716961
-1.6752330
-0.92246866
0.12041131
0.71631980
1.8205351
0.63241243
0.49691159
0.71753633
1.8738209
2.5337586
1.3626693
2.2197957
-0.39011344
0.72882593
1.6731762
0.61747503
0.51228034
-1.5222945
3.4499657
0.37963647
1.5270473
1.9878782
3.1759429
3.5164342
2.0753393
3.2500460
3.5245230
-3.0003099
-3.7560136
-3.1090143
-3.1818027
-2.9645643
-2.3378890
-2.8148966
-2.7883248
-3.1749043
-3.2882304
-3.2742002
-3.2386882
-3.0802844
-3.7561944
-3.3849413
-2.7019067
-3.2429781
-3.7428341
-3.5742137
-3.4695122
-3.4030333
-3.4135041
-3.6136160
-3.4072328
-2.3190742
-2.0817564
-2.4735990
-3.4656117
-3.0393631
-2.6634641
-3.0838556
-3.1847529
-3.3101380
-3.2561224
-2.6236694
-2.3624318
-2.3202498
-2.0231314
-1.8973686
-2.0768907
-1.8528062
-3.7394865
-3.6515386
-3.3064845
-2.6729803
-3.2296305
1.0245473
0.47548559
0.60021085
1.1429765
0.82459110
0.58621293
1.0315709
1.0346438
0.54801869
0.76683575
0.86770058
1.1194283
0.71208417
0.50011677
0.83326405
0.58724713
0.78291875
0.58745724
1.3461162
1.5283588
1.0668122
-2.4004920
-3.1471372
-2.7947266
-2.1261415
-2.9124677
-2.1297209
-3.0562100
-2.9964912
-3.4710042
-3.5331225
-3.6676142
-3.1269994
-3.6200607
-2.9233198
-2.9195092
-3.6033654
-3.3325160
-2.9646306
-3.7976964
-3.6939876
-2.5038488
-3.0295026
-3.6454391
-3.5441039
-3.6986747
-3.5468009
-3.5612345
-2.8475435
1.1460172
1.8531728
0.62904721
1.1986059
1.1976396
0.77142864
0.85422558
1.3518710
1.0678990
1.2943462
1.7371411
1.4630481
1.7509277
1.8596863
1.5897977
1.9448267
1.4352511
-0.55248582
2.7451706
-2.3365138
2.6037273
-1.0499247
2.9075725
0.30623820
1.4324085
2.7176797
1.4604748
2.7388058
2.6326566
2.8106425
2.3790889
2.7166393
2.3462770
2.7374036
2.6902421
2.4422266
1.8306965
2.1511917
2.0451937
2.2443833
2.4686551
2.3903074
0.19440600
0.18959205
0.42792642
-1.7556707
0.92473292
-0.23128207
1.1738594
1.5680529
-1.7686156
-1.4948616
-1.1920073
-1.7242914
-1.4114377
-1.1008960
-0.69381827
-1.3506474
-1.4605807
-1.3388512
-1.3228341
-1.5275904
-1.4761798
1.1755137
1.2940912
-0.23880175
1.7280312
-0.10047033
1.6644278
2.0202560
0.61352050
1.1287845
1.1228435
0.81504685
0.67328501
1.9073180
1.3438622
1.4783856
1.9603442
2.1002195
1.7891195
1.9543129
2.3033271
2.2743278
0.93555379
1.6667875
1.8769506
1.0964359
0.48569563
2.0914962
1.8751047
1.6024102
1.9836242
1.7982303
1.6125294
-2.9224710
-2.8321574
-2.5398402
-2.7313464
-2.9839997
-2.9356849
-3.0630906
-2.9750259
-3.0983067
-3.0385096
-3.0011902
-2.9897001
-1.4226851
-1.3777559
-1.7513456
-1.7819898
-1.8206506
-1.6125252
-1.3711396
-1.7843580
-1.6915598
-1.9747907
-1.2957549
-1.3099928
-1.7614043
-1.9203382
-1.6758964
-1.5095121
-1.5406474
-1.7962276
-1.8291661
-1.6602944
-1.8431046
-1.4937325
-1.5236031
-1.7829372
-1.6597959
-1.7841588
-1.6477022
-1.6666892
-1.8437936
-1.1928411
-1.6947141
-1.7403610
-1.5525562
-1.8128426
-1.4549612
-1.4110492
-1.6232253
-1.6288443
-1.7183040
-1.3257697
3.2928958
2.0690806
0.40295190
2.4393020
-0.30644724
1.8344238
1.8936573
-0.18630190
1.6145716
-0.94939703
1.4965291
-0.90865982
-1.5277826
0.80654776
-1.3276269
-1.6804146
-0.37145624
-1.3057369
-1.1048539
-1.5024730
-1.0887195
-1.6013671
-1.2027999
-1.2931443
-0.98146194
-1.6828622
-1.5728227
-0.73402965
-1.2371073
-1.3592967
-1.5207675
-0.14135309
-1.3286607
1.0652170
-1.1693201
0.15467358
-1.5025355
-0.97354621
-1.6522479
-1.4752961
-1.5722762
0.32307097
-1.0930321
-0.086526625
-1.4486277
-1.0082254
-0.57606053
-1.1983274
-0.79793984
-1.3179752
-1.1048882
-1.2347134
-0.86583835
-1.0842401
-1.0981927
-1.4765493
-1.4475060
-1.1693406
-2.5090911
-1.4907495
1.2757400
-1.3167922
-0.58435136
-0.66827005
0.88981062
-0.33854598
2.4164600
0.35931912
0.19187543
3.3908441
3.5800688
3.6565859
3.2328517
0.29858416
2.3678281
2.9029026
0.34545764
1.1228303
2.7309759
2.4970071
1.4604061
3.5363100
1.3531849
2.7758224
2.6988120
2.0312829
3.4961245
1.5245092
3.4798956
2.5490997
2.0967538
1.3433506
1.8659135
2.7052081
2.5641091
3.1787641
2.5439346
1.9654440
1.4587965
1.8726503
2.6255696
2.9529676
2.3987308
2.0503001
2.8989203
2.4299119
2.7694235
1.4593618
2.5101399
2.0848675
1.9985770
1.0898784
1.9831319
1.3833913
1.0122734
1.0441514
1.6861529
2.8142760
2.6504533
2.6309443
1.3611608
1.5918427
1.3560766
1.1965994
1.0292408
1.4360172
0.73070794
1.6389595
0.95652997
1.8550556
0.73408657
1.0686094
1.6410378
2.9035487
2.3687766
2.7466550
2.3609259
2.1849885
2.1793282
1.4501086
2.1953759
0.98744476
2.8041537
1.6373665
2.1935401
2.4307201
2.8868122
-0.96511382
2.0031550
-1.1043018
2.5079954
-1.2568396
2.3873949
-1.4968185
2.8382871
-1.3476774
2.6259100
-0.84727669
2.8468766
-1.0427643
2.8061607
-0.74434257
2.8823516
0.18101445
3.1709158
-0.42802238
-1.1416411
1.4333760
-0.43966576
2.4703038
-0.77602255
2.9099758
3.0866623
3.2531316
2.8881357
3.0587859
3.3879836
3.1059194
3.2646194
3.0490191
3.1683216
-0.84532601
0.11667939
0.52074552
3.2318158
2.5302987
1.4593483
0.98593485
1.2813128
0.94018292
-0.13381273
-0.42975840
1.0811725
2.2406356
2.5439460
3.0672760
3.3953104
-0.026918193
0.78617364
1.5760788
2.5746491
2.9301748
2.4543839
3.1841450
3.3061910
3.2927473
2.3117745
2.3902268
2.9982171
3.2680213
3.2878766
2.9389091
3.0597363
-3.4509614
-3.5488489
-1.5942897
-3.6762748
-3.3957744
-1.3767579
-1.4973980
-3.5081351
-1.8895929
-3.1302180
-3.4987600
-1.5410765
-0.82894897
-2.9171739
-1.2275192
-2.7873545
-0.99633688
-2.5217383
-1.1276696
-2.8291013
-1.2283720
-2.3499956
-0.79854310
-1.0404569
-0.051091962
-1.0369303
-2.2516639
0.66943991
0.14077890
0.091206290
0.20893320
0.38581759
-1.4252861
-0.83717608
-0.66667825
-0.55490077
0.46784905
-0.58381993
0.28534400
-1.1697991
-0.87860125
-1.2143925
-1.3775909
-1.0701594
-1.9672414
-0.90191531
-1.5530442
-1.4372805
-1.5505672
-1.2726606
1.6607049
0.63993537
0.29846478
-1.0049045
1.6526557
-0.41212460
0.99032676
-0.74421066
0.75225842
0.23122434
-0.17845669
-1.0980297
-1.0457500
-1.1723479
-0.88164610
-0.92326945
-1.1640738
-1.2588725
-1.4204271
-1.0705369
-1.1305614
0.10022993
1.1354103
0.83997542
0.39583114
-0.17985484
1.1326081
1.0871073
-0.34585893
-0.14298525
-0.43578607
-0.60395575
-0.96284235
-0.014986428
0.30255571
-0.69179243
-1.7667480
-1.4113530
2.5928226
1.1294287
-0.72181273
2.4340327
-1.2264078
2.9507861
-1.4226985
0.79911780
-1.3152632
-0.77593911
-0.45338294
1.6178204
-0.50847334
2.5620856
-0.42079684
3.1197786
-0.53502899
3.0849581
-0.14457092
2.1389363
-0.87540394
2.5763440
0.14494669
2.2393391
0.52351272
1.1076999
0.48125640
1.6415458
-0.30944943
2.2095897
0.51587045
1.0532469
1.2539481
1.3985699
0.39373720
1.1661640
0.23152933
1.0029593
0.65094322
-0.66247582
-0.67852330
-0.85232568
-0.36395487
-1.4017324
-0.12082441
-1.4887557
1.5945011
-1.8392800
-1.2729061
1.5834420
-1.5929246
-0.13600779
-1.2765071
-0.57883620
-1.1406494
0.0029942896
-0.65655708
0.53547937
-0.93742394
-0.73044038
-0.69090647
-0.069001980
0.78445321
0.77421230
1.2326947
0.042750586
-0.21291104
-0.56351876
2.2817202
-0.79897344
0.34696326
1.3429952
0.74116617
-0.15002562
1.5023561
2.0461411
0.60614675
0.81933409
1.4192685
0.71913266
2.2425637
-0.33168024
3.3249884
0.34951207
3.0190327
0.88774443
2.4787781
0.88663393
3.3570633
3.3499527
2.0314171
2.9521372
3.3627291
2.4785390
3.0072169
1.8234621
2.1325340
1.7775947
1.0033408
-2.8181891
-3.0227742
-2.0322955
-3.6969528
-3.7395995
-3.2211084
-3.5827796
-3.3569815
-3.3915582
-2.9000106
-2.8675892
-2.6005418
-2.1664779
0.032208763
0.28196266
0.49962002
0.53330028
0.17332697
0.11205095
-3.4370863
0.15287495
0.17299700
0.34165350
-0.23501270
-0.57684571
-3.2675877
-0.85336941
-2.9323070
-0.79451942
-3.6593747
-3.3799970
-1.2582890
-1.4172034
-2.2850573
-2.5600028
-1.4801940
-3.3985422
-1.9255356
-2.6387882
-2.4446914
-3.2783840
-2.7600386
-3.1638801
0.79890782
0.67313266
-2.7686810
1.8423437
2.2650852
-0.54244906
1.1930454
-2.2732944
2.2966769
-2.3854184
2.9738672
-2.2924685
1.8349525
2.8252597
-2.5677178
-1.5152791
-0.44520020
-0.24974933
0.093796581
-0.35874048
2.9083571
3.3178737
2.5030649
2.0193501
1.9481430
2.9190812
1.4890455
3.0911498
3.7504053
3.7177389
3.5590394
3.8410170
3.4679017
0.22848108
1.6261346
2.3379192
3.0620077
3.6991382
3.2941353
2.6570008
2.2632551
3.4462538
1.6043888
3.7289824
3.0468402
3.6369309
3.1996069
1.8573822
0.44959652
-1.1499009
0.43133539
-1.7437918
-1.9653362
-1.2457535
0.032004949
0.85087287
0.55241007
-0.30782551
1.5062705
0.54788280
0.32637531
0.49192774
0.29546919
0.37530893
1.0045673
0.94879919
1.5432316
1.3321134
0.45898414
0.70987004
1.7121539
1.6484791
2.0897911
1.5545896
-1.8686627
3.3179164
-0.29827568
1.2314377
2.0892012
2.4338822
2.9113929
3.4917486
3.6315470
-2.6736491
-3.7177386
-3.4802668
-3.5859659
-3.3291194
-2.4987962
-3.1665742
-2.9207757
-3.6742494
-2.8166137
-3.1835811
-2.8702114
-3.3171108
-3.1610191
-3.3590281
-2.0414453
-1.5146228
-3.4716539
-3.4494326
-3.6298754
-3.1647258
-3.6433442
-2.3178961
-3.5771277
-1.6151046
-3.3648369
-3.6483657
-3.6045709
-3.4334540
-3.7160130
-3.0627024
-3.7264497
-2.2005906
-3.5626719
-1.5515201
-3.5551054
-2.4731164
-3.2055459
-3.1567488
-2.0953727
-2.4579535
-2.3710246
-2.5403941
-2.8056941
-2.4550357
0.17041226
0.81818765
0.73962390
0.67211157
1.5043943
0.99286860
0.44626546
0.79710835
1.3857031
0.49745661
0.76376706
1.4894320
0.62774301
0.77745628
2.0713921
1.5345185
0.76399344
0.54089922
0.70193774
0.55968195
1.1798726
1.2754432
-1.8145041
-3.0349827
-3.0117285
-2.9761820
-2.4232738
-2.6633170
-3.0159130
-3.4175329
-3.5587983
-3.1296275
-3.7770936
-3.6003387
-3.0642295
-3.1122274
-3.0675216
-3.2358696
-3.0107365
-3.6805778
-3.7313027
-2.2833531
-2.5153234
-2.8274934
-3.8306119
-3.8531060
-3.5529613
-3.6063421
-3.4307435
-3.1603906
0.96390855
0.90853363
0.57654339
0.79782313
1.4232113
1.4076508
1.1883029
1.3945636
1.3858017
1.8597136
1.9194447
2.1710129
1.8124056
1.8350692
1.8306426
2.3739369
-2.6578720
1.2559563
0.22105634
2.0413678
-1.1834962
1.9567223
1.0843503
2.7709768
2.3550637
2.6980190
2.8038435
2.4777110
2.0586674
1.9304545
2.9426630
2.5988429
2.5285718
2.2674112
2.6870348
2.1309743
2.7843885
2.1393394
2.8618953
2.1229622
2.8063819
2.8258092
1.9504399
0.41266942
-1.1928024
0.045026556
-2.3180847
0.27149430
-0.50114816
-0.24132529
0.53781623
-0.47216040
0.43183154
-0.43129572
-1.1908866
-1.3302040
-1.4590653
-1.7620082
-1.7620420
-1.5099275
-1.4164127
-1.3882521
-0.98188108
-1.3092732
-1.2317927
-1.4440957
-1.4708420
-1.3280749
0.91194397
0.77795160
0.47532839
1.2746363
1.7890311
1.2085366
1.6787888
0.50910366
1.8557905
1.2030975
1.2051269
0.10683094
-0.063405186
2.1154368
2.2038429
1.9818358
2.3018944
2.3388510
2.2191775
2.2384901
2.0118244
0.74430013
0.91119683
0.81199634
2.0881627
1.8018645
1.6218265
1.7658906
1.3822292
1.2415720
1.3503151
1.1375953
1.3212041
-2.6331232
-2.9686787
-2.8217897
-2.9250124
-2.5730004
-2.8776145
-3.0784984
-3.1017866
-3.1330032
-2.7476156
-2.9238045
-3.2277331
-3.0613585
-1.4310102
-1.4635713
-1.6580905
-1.7438841
-1.5058635
-1.4842244
-1.7187779
-1.8753114
-1.3560534
-1.6882211
-1.7155799
-1.4615506
-1.9058597
-2.0835409
-1.6485658
-1.6082908
-1.7040769
-1.5375117
-1.6409513
-1.7075601
-1.7480980
-1.6454529
-1.8023263
-1.7881535
-1.7286890
-1.8144045
-1.6490322
-1.7242458
-1.7684884
-1.7704973
-1.6311607
-1.7677672
-1.6956350
-1.8542796
-1.4969141
-1.8984541
-1.8115745
-1.5150437
-0.75004792
1.9932177
-0.84121704
2.8800945
1.0615470
0.48010468
0.52449584
-0.81859732
0.30020422
2.1506813
2.1542051
1.6014159
0.19552895
-1.2349054
0.012568574
-1.5519847
-0.50533766
-1.5958978
-1.5099521
-0.98630512
-1.5948112
-1.1489503
-1.4753397
-0.88873464
-1.4060162
-0.58864480
-1.4435776
-0.20909473
-1.6104835
-0.32763138
-1.6145412
-1.4924366
-0.35503775
-1.2299041
-1.0644001
-1.4767352
-1.2100143
-1.4264345
-1.3291446
-1.1830561
-1.3446330
-1.3129704
-1.1927367
-1.3788646
-1.3205818
-1.2211059
-1.5630758
-1.3099228
-1.0593436
-1.3622563
-1.1939089
-1.0525167
-1.0643972
-1.3233593
-1.2177460
-0.81696767
0.10260895
-0.83020186
-1.1582550
-0.95700687
-1.6347963
-1.1090143
-2.8868041
-2.1336067
-0.49369386
-1.9945908
-0.37031990
-2.6301429
1.1783158
-1.1945325
3.0124025
1.3115157
-0.038665835
3.6435020
1.5007715
2.9288414
0.99951351
-0.063434623
1.6792489
2.3481069
2.4885595
2.9525406
3.2812393
3.2916436
3.7128439
2.7002113
3.3731363
1.4458148
2.8661225
0.30002904
1.8732785
1.5276113
2.2539799
1.7609417
2.9186296
2.5314901
1.8880553
2.6213324
1.5912687
0.65916127
3.0669689
2.2709656
1.7729858
1.7177240
2.2331946
2.5443864
1.8170533
2.2125192
1.2319783
2.9413269
2.9592342
2.5523658
2.4993873
1.8176953
2.0807879
1.2728853
1.3148561
2.0698881
1.2858474
1.9405619
2.3653884
2.6425359
2.7754488
2.4147871
2.1808050
2.6337714
2.6323524
2.8415468
2.6010687
1.4802021
1.3847698
1.6627235
1.8165652
1.2956780
2.0197282
1.3829694
1.3229816
1.1000091
1.0603359
0.81720966
1.7673630
1.5174205
2.9908009
2.6080201
3.0419536
2.3090689
1.5366782
2.7762148
2.4235303
1.9910135
-1.1192412
2.2737107
-1.1552711
2.7418034
-1.0395558
2.2401083
-0.99255306
2.8571806
-0.69249189
1.6794467
-0.15597929
3.3236547
-1.3517730
3.4325972
-0.86424345
0.30438256
-0.0022698527
1.8790063
-1.3354849
2.6300528
-1.0449122
1.3712598
-0.43714085
0.11729930
-0.51936263
0.56552482
0.95659637
3.0153835
1.4950696
3.0175791
3.0178826
-0.51097494
2.8351998
3.1543381
3.2742071
2.4415751
2.8082042
1.9007198
0.82461423
2.9660268
3.2072091
-0.36589077
3.2704194
3.1626940
3.1089175
3.3737230
3.3666253
3.6086171
3.4069667
2.8017793
2.4099710
3.2993186
3.5697503
3.2978442
3.6619701
3.5588360
3.5005081
3.0010583
2.8700407
2.2806153
1.9948910
0.91487718
-2.6896529
-1.4568349
-3.6416078
-1.5092047
-3.4629793
-1.5276798
-3.4030614
-3.3184443
-1.6464136
-1.6899477
-3.3329921
-1.2350736
-2.9238753
-1.3503325
-2.8597937
-1.3211688
-1.6132435
-2.6816936
-1.2594678
-2.4914494
-0.19499134
-1.5092509
-0.71778411
0.22044075
-1.2070639
-2.1991222
-1.3679588
-0.48066968
-2.3769462
-1.7032965
-1.1085675
-2.0821271
0.40104476
0.031494044
-1.5713644
-0.23838770
-1.4315747
-1.0611995
-1.5101092
-0.48985514
0.58948219
-1.0042813
-0.20874307
-0.75680655
-0.95031321
-0.87012714
-1.6716225
-1.2933065
-1.7022679
-1.9078100
1.4581841
-0.89781445
0.26511934
-0.72718626
-0.75107104
0.57130957
-0.78335488
0.12574413
-0.20704809
0.25503382
1.1139741
0.079493545
0.41777429
1.0425601
0.43090531
1.1409247
0.62059611
-0.76381296
-0.61841941
-0.32905993
-0.73974061
-0.80387610
-0.98433769
-0.58821487
-0.93454450
-1.1494128
-0.80540591
-0.81047493
-1.0595734
-1.2193375
-1.2144278
-0.71326739
0.32776064
-1.2240027
-1.3553878
0.66982347
-1.6644374
0.27157217
-1.6770048
1.9902115
-1.3506370
2.4844429
-1.6022582
-1.4009035
-1.0383756
-0.54029918
-1.0232763
1.5461887
-1.0425158
1.8742410
-1.0242077
1.8092971
-0.86892700
1.5957725
-0.77908480
0.50181341
-0.46843034
0.54159689
-0.81849355
0.11446891
0.075358696
1.1439602
-0.19107768
-0.23062488
0.45238841
0.79910409
0.89554369
1.0067472
1.7934854
0.47983825
0.93484634
0.47981507
0.76818454
-0.77928972
-0.74271882
-0.72110236
0.11438059
1.5211140
-1.3847506
-1.4612406
-0.037258320
-1.7413495
-1.0199823
0.78443384
-1.7003033
-0.49651009
-0.79684359
-1.0889103
-0.72515810
-1.3503636
-0.32769036
0.30429789
1.3849561
0.45979348
-0.58418721
