157227
6816
117692
157179
120182
27672
74115
45927
25182
47735
107188
20120
110012
60379
20149
153385
43190
95531
116702
65436
123141
42850
105976
149638
56677
105577
48422
32797
10603
144530
64085
29034
149594
108092
103122
56641
115431
8968
9626
97025
158115
135868
158468
158443
135738
158316
101290
158394
158417
87652
127415
22179
160818
13158
150
24351
17429
136971
161609
40230
143984
2507
91541
128046
49637
163077
40305
28471
162306
622
25503
2750
53533
24433
91465
22562
116005
105325
90772
10055
144081
63120
21364
2843
87206
138736
147182
147077
46009
122058
45024
106894
101047
126200
111753
38906
141990
156927
146886
104298
111693
61358
33753
126317
68876
122078
106719
65841
78359
49167
44538
141916
7783
142299
98664
74260
74231
142233
135574
9550
31366
61652
157733
10064
127956
56025
24367
161562
40187
143542
3283
136911
22380
161427
48163
143683
22521
25477
44704
40331
70114
143807
94578
143736
143771
1766
7104
90654
101929
70058
118325
449
126838
139347
89054
113352
101609
88365
319
98796
88350
90438
33812
28462
15348
161825
87737
6797
79767
21052
17531
111638
161744
111585
25264
12953
87814
97564
25269
7816
9573
135927
61720
117892
43484
79643
158565
52316
112623
90397
2900
59218
79672
156575
114119
24733
79699
79721
59192
116615
87845
122814
38998
87297
63774
32685
52335
124810
9868
323
37688
155063
37702
113380
103818
154046
160454
30852
101644
57629
51054
96457
9132
2188
83814
153704
110116
110164
42357
40589
139389
137352
132604
63029
29621
40499
91379
92515
24427
95486
91339
40532
28583
128158
137324
70191
102058
162831
91196
13335
114649
91251
128237
91276
162792
75613
197
64251
58984
14380
124924
154174
154157
27203
117303
33298
84155
57054
73309
119830
64277
97597
69848
156774
1988
27617
89926
51854
26280
86476
86496
18830
114231
79459
969
148616
71716
79494
71761
116602
113834
89855
13205
22352
113948
113974
62607
101784
62537
606
163803
75860
115140
75880
34434
115136
100250
97072
43049
151908
67141
36898
142637
151856
59960
82093
24197
94003
12304
80162
16772
146543
60815
154518
37900
154781
67945
154452
96369
154596
37964
134501
14971
9236
23917
23987
119776
47421
98435
25068
12620
84571
134569
84690
20561
11364
43337
96398
141292
55320
37993
5628
59177
158076
5233
162487
126444
91153
7979
48233
112525
130766
112394
119541
140287
77658
64071
24609
145320
58221
36667
108613
50193
25649
105776
10645
140012
138530
116348
58133
76524
41968
41975
8126
116129
14068
108596
150585
702
72169
105629
108418
48451
8741
80910
32855
42915
123429
77868
32871
36528
133068
81075
88098
136035
12979
11974
158893
142993
78952
132139
8447
138938
35650
32581
70734
49730
109174
48610
37813
100220
116305
99146
4156
76681
180
17850
44222
53829
70818
149287
128673
66908
28839
80097
137872
132681
131062
103084
76339
47016
63910
139895
129372
8644
44315
105515
75971
364
76061
54367
137842
118566
25740
23043
70607
651
70869
102366
116140
65482
53909
96951
113370
133581
142417
36990
142382
82291
88456
120445
87510
112857
136103
159308
39461
78666
159423
136177
52415
78633
12996
117939
18554
13000
66065
78733
120498
92437
120486
58772
142751
147762
18571
92707
55281
83386
67559
140712
47350
83128
27216
80213
2666
66660
108162
25051
132836
77557
10612
110588
42863
42868
66713
51022
29860
19171
149948
60605
83876
8212
11818
82479
108272
55245
106354
68007
116270
35072
16000
11813
146209
29887
146182
65662
34989
3400
30870
77211
58385
99248
4107
46735
58393
56327
32353
10256
32347
28871
3399
153596
146026
115510
77369
72521
54029
43015
131503
115352
11754
145490
54475
145546
109867
2644
34862
133753
96148
33106
152880
124218
94051
24925
72903
42476
138193
67599
29810
34903
102481
95988
42488
2128
140458
67500
72867
133771
83330
124531
117195
37504
152539
152744
124350
23912
43129
14798
82766
24967
65557
60488
153498
82895
96049
73032
56987
77155
109454
133717
94104
129700
77171
26895
55099
109604
109577
52239
74459
124049
130287
92424
93955
56766
142486
108826
158349
130266
116906
81707
24170
133292
78536
124061
86885
140400
122290
42955
147446
60106
86864
138863
95174
45044
81648
18477
50262
129035
46832
151118
116428
43566
56448
74197
157288
130175
2069
86806
126122
21225
36656
81362
108871
4551
6485
59754
1037
22324
38448
148468
51680
161306
546
113762
5981
23119
61525
28314
548
12763
156436
3127
7716
141875
123
68149
155159
85012
40020
89826
75218
136836
95341
40095
34120
53024
18725
38188
143409
155309
85276
156269
14682
35251
141755
1490
108957
1894
13522
58582
63590
146721
133391
43449
125669
80698
85666
12181
78163
30388
131839
12721
917
64429
36340
135049
85520
25114
125594
80739
80655
93166
134956
156125
38335
141665
125563
73214
119794
75309
105061
10416
75243
18783
29265
134736
73551
125
8269
66296
20686
1331
45772
125388
129116
155420
79292
73617
116548
6738
141606
134853
45807
61077
73650
111120
27450
41880
