1.8484233303
3.2533214082
6.2374488639
2.7365076486
5.1824235846
4.1268440377
5.6519403472
5.4187375322
3.2731283087
7.1120497176
-4.2360300984
9.1118965123
6.6667654122
1.6209028797
8.0859321834
0.7784137284
9.4518824048
0.2844478397
0.4854964062
3.397812326
3.1478038778
3.7339235229
3.8411821529
2.1042903705
3.7092446283
7.1936522425
8.1572949396
1.4025239376
2.9054044683
3.6344506189
4.7899862427
7.1746162196
3.1078504283
4.9618699118
6.450600591
5.8179153702
8.4538096958
4.3989533437
-3.6721162043
-11.0633232839
-9.8468020511
-11.9142546906
-11.8485337313
-12.2090536505
-8.0258584513
-6.9009959591
-11.8082265274
-8.9061531876
-12.1224881321
-12.439233755
3.3192118885
7.3139858726
5.7012885739
6.816149752
7.2271131886
5.5658822961
7.5252457652
4.8689300227
6.4355823795
4.9443886899
-9.1065990545
3.8466772134
5.4313227355
3.060081437
-4.2589944458
4.500093161
-1.2011718613
1.4249375115
5.7192078925
2.7671152808
-6.9058926946
-1.4744101886
4.5649448411
5.8394761475
2.4090089996
1.0422323312
3.8603789017
1.031278451
1.4228987284
3.9847954497
4.4156683914
3.6521663723
-6.7344224659
-2.8947574536
-3.9948946547
-0.9566375637
-0.8012023895
-1.9463830717
-6.1887106369
1.0236434709
1.7174548397
-0.23244559
-3.0973890066
-3.8985307187
-0.1900443467
-3.2122335791
2.3320705347
0.3525835798
0.6009219466
-1.9723071156
-0.170434624
-4.0992084821
-5.0911995209
0.6026665281
-4.7113111589
2.0465047516
-0.2422372044
1.5713810529
-0.0357885656
-0.4463552638
-0.1500683168
-2.1674938063
-1.548249167
0.2077412711
-0.2493568356
-0.6048927918
0.124607103
1.2006827516
-1.4980403331
-0.9099320331
2.5182980608
0.1522904541
-7.254449578
-1.6944795906
-2.1458267188
4.4501212474
-1.1662764132
7.4275036886
7.4724867378
6.9649199081
6.4531444805
4.9501237234
6.4953461724
3.221138577
-1.7443885144
0.8071649444
2.7383119484
3.0424598699
2.1073088811
2.3315510819
1.7089675113
-1.2367183441
0.1178853745
-0.2511237001
-0.7130959266
0.805915937
-1.4822743482
3.8895043651
2.6053470116
1.6762303855
0.5182485943
-0.0366495641
0.9149481798
5.6761907792
-3.2593314651
5.8135844671
-9.6698321749
0.5024488063
-11.8267754164
-1.9735711685
-7.0438333214
-2.1919983992
-10.7909863125
-0.5970655084
-11.1421560929
-1.6387533292
-10.436014324
-3.0922466246
-5.0115541667
-2.3350016678
-10.4341384247
-4.4081290175
-1.850853041
-3.3388955329
-9.3080705607
-8.7442863294
-9.816097098
-1.7635056393
-7.7917643157
-8.3988882996
-7.369662553
-10.5609949578
-5.0496674654
-8.5285706232
-6.0080180906
-11.3070510796
-10.1867721021
-11.0007314475
-11.6889026616
-1.0365567019
-6.800118605
-10.5327355207
-11.4780090306
-1.7441436994
-2.4541241549
-5.7130314103
-9.5773464475
-10.6220982596
-10.8978169451
-10.0214575223
-9.802639283
-9.4918296885
-9.4639677057
-7.0035362247
-8.4847488802
-9.9430146679
-9.2844008664
-2.2270576489
0.8315669291
0.9384623121
0.8211318792
4.5468533335
-3.7378707296
7.1702327965
-6.7671836659
-4.593139707
-6.4742414753
-6.5896106318
7.1420793408
6.6195872835
-3.3576697943
9.3373481939
-2.4670574566
1.2615017877
-4.6438876519
7.0118232147
2.7115012879
0.167022118
0.5086186979
-10.6721249998
-9.983481567
-10.4308081438
-9.9952591861
-10.7585037556
-6.8423003063
-7.8278330081
-5.4346886234
-6.0569373172
-4.7153087111
-11.0339014302
-9.1285402618
-10.4292655947
-10.8740459516
-10.3326990157
-11.0400894561
-12.3398911593
-8.548392452
-9.3148572235
-11.6727128044
-10.5499584352
-10.5452665754
-10.7166592189
-11.5623493861
-11.4081659848
-11.543576326
-12.2444699742
8.4386905852
-4.9266513635
1.1987247937
-7.062721711
4.6463905069
-1.1954068468
-5.5322818144
4.6650948349
-5.5741023249
-4.5020893265
-2.0921188097
-2.6653916439
-5.0038135807
-6.5590277779
-4.3655241408
3.1740471594
8.6907312001
1.1312796273
6.5314670406
-0.1153649593
5.8740700371
2.1037963721
6.9580707207
2.9998169017
4.7712858052
7.3859732133
3.8445819447
3.6636291123
6.2548137452
7.1694448124
1.482771501
7.2176727282
2.2906025003
7.4738080947
8.1971562148
2.7449361368
8.0400918624
7.753124744
7.8429545368
6.6454845334
7.9099307937
5.9981252131
8.8365055716
9.2113073703
6.8249035834
-0.763166754
9.561512127
5.4233031205
9.5396131899
8.6085347154
-5.9919273707
7.3715231774
-1.2049206742
2.1474321061
7.6336977669
3.7882702901
2.2727405769
4.3176451186
5.0390337092
6.7358734687
6.8105247932
7.9755256681
7.8965572776
4.187934772
1.6887857977
9.735546716
-0.1193394886
3.4526715567
2.5307132985
-0.788335383
5.2949686431
6.7116247066
4.257228435
9.1370694596
8.9995315867
2.6511010192
1.9829049357
1.2723142237
1.8434539627
2.3611184969
-4.585696988
1.3372690834
-3.0477911184
-3.023416874
-0.0386448676
-1.6204851052
-0.4390589681
4.7313861079
2.2397011278
-4.0246564932
-1.7887519847
-2.928834427
-0.4550405939
0.1981955147
1.3999192801
-10.366741614
-11.8633629031
-10.5265934399
-12.4738252163
-9.0692555528
-12.1234260892
-11.9229781754
-9.1807846214
-8.9827615037
-11.2191186657
-10.9550679757
-12.0965824952
-3.922856235
-8.7436606815
3.5023468053
-7.2250292123
5.002484044
-9.9596796394
-8.8409069488
-5.6605980084
-0.2816858923
-4.7277502353
-8.656575609
-6.6897323457
1.6331681234
-2.4877276477
1.4302204271
-1.5218221143
-6.7853654472
2.2410860797
-2.0439987064
-3.9051176448
3.8470944782
-6.319023917
-8.638938264
-1.2578561749
-9.2091951836
1.1415536665
-1.25834632
-7.3909270579
0.974851231
-9.7227509593
-2.4526841818
-9.5504417068
-7.3186363623
-8.2864111544
-3.3929753504
2.2428569492
-9.1176688634
-10.0944589403
-1.711040044
0.9625304934
4.209589509
2.4802300262
-1.2670187216
5.1509927691
0.9814745457
-11.3996178865
2.8365023281
0.6664891885
-7.9089007298
0.2660117198
-8.7953125529
-1.2190170948
-9.8371101732
5.2920011754
-3.3441440828
2.7301023684
4.7146988679
9.3133183918
10.6087123017
-3.9489792427
6.6788070568
9.0130981428
5.7185256586
5.7698392376
5.539040025
1.7807949251
5.4012583286
8.2330184306
0.2285630082
7.9593484103
10.0409408502
8.6343607769
-4.7594909176
6.3395219451
-5.6838712415
4.4427542434
2.0759507045
8.5194625991
1.2004855664
9.7213287713
9.4046474729
5.8183788447
6.985418541
6.1998837612
9.6101314704
6.5581688701
-0.3892277923
7.9351595655
2.7614892053
7.0558915065
3.1547951164
10.5860286143
10.159190778
10.7178439589
9.3010973086
8.8341683678
5.6207956483
4.8016366327
-10.49945677
-6.5462101354
0.723243843
3.0726208253
-2.2551316021
0.8910375592
-5.2474608193
0.0848232295
6.3578035073
-1.0450904397
-3.731340403
-1.1721127141
-5.1324031328
-1.5811271497
2.9578973455
-4.518636774
2.6146632426
0.7193870708
3.0033002054
-2.4447615348
-2.9014592587
-4.4544044775
-4.349109229
-3.3255265969
-2.1152330829
-3.6972628939
-1.8867432113
-3.7107432298
0.1649441614
-2.0090359243
-1.7336269095
-1.9020009524
-2.0211533271
-2.9743070031
0.9466654796
8.1506905168
7.326584239
3.4686921431
0.5811151298
5.6555006313
4.777720065
-2.2744756624
-7.5790334074
-0.972487949
-0.5157098239
-7.5362564428
0.8378102041
-7.9765808365
0.5901804477
-5.2215246245
-1.6750034083
-1.1027625274
-1.8778245367
-8.2079321956
-3.1140289708
-4.5589798378
-4.470865375
-2.7919253941
-4.9288633501
-8.428584505
-8.3736707674
-1.044516802
-4.4583051403
-8.9993795156
-4.1036903116
-5.7417072996
-4.0982001357
-6.4847917179
-4.3904226231
-5.426323893
-5.4118072698
-7.0817888015
-6.2520517727
-5.4538284055
-9.4797614498
-1.5131617723
-8.1233905208
-8.2388447319
-10.3433831132
-7.0708670984
-8.6940360165
-7.8411258401
-8.2651849952
-7.1956319538
-6.6256105657
-2.9953328559
-6.7014019355
-4.2015124639
-3.9686538468
8.1460970038
-6.6054464063
7.6597045414
-5.1840940333
6.2018052961
-1.8021656753
8.8484695114
-6.6590605525
5.6921657368
-3.3695120468
5.9201238993
-3.6080881196
7.6508067342
0.8128729604
6.8306703409
1.2025457254
2.8314071582
3.9486961754
9.0528794968
9.2220881639
3.6722716471
5.896911588
6.1059681442
8.0651556692
3.1430226931
-1.762280129
3.8159494405
1.8997439446
6.5700985624
1.3035271129
-0.5986285689
8.8038050067
-0.6333044969
3.3580852927
7.9948455423
7.0246714813
6.8547110767
5.7829453651
6.9747454903
8.7050004541
9.5675659142
8.5467535385
7.5865459562
8.0391881305
6.868243186
8.7808535334
7.4993275915
7.3991513277
7.4508513397
7.6614294502
8.451944955
8.3884596876
8.2455742025
9.2869634067
6.4537011708
6.8172468085
10.0465797869
6.3985147681
5.4120019481
9.1994253827
9.2019978
8.6883626512
7.3454494106
5.9567728698
8.2066641311
4.6101354209
-7.5003113975
-9.7767152665
-1.1149938192
-10.953125099
-7.6293585899
-7.1063629576
-8.7585455317
-6.8556168652
-7.2683970494
-5.4961035789
-3.430755406
-4.0027854817
-4.6016549265
-6.9723053834
-2.4364322485
-1.4722306619
-2.9993423146
-1.7143067314
-4.1523212644
2.6327275012
-1.8332083659
-5.4866461255
-3.7377940202
-3.3331587538
-5.052675471
-4.2879989734
0.5322319168
-6.5413828533
-4.1140445057
-4.115446618
-1.2768496701
-3.4312624403
-1.2651757799
-1.8022297304
-5.5191777291
-4.4375979682
-5.4528212746
0.6226566487
-4.5935106064
-2.4509738795
-0.6823710921
-1.6239386893
-1.035924612
-4.068676136
-1.9090842464
-0.9526983416
-2.5432055015
-2.1297374863
-0.6861718405
-2.0912053755
9.9881955879
3.0046542168
10.9841237515
6.0834947476
9.4047035769
5.3743619698
3.2462806314
-3.9988818451
3.4245583388
6.151661539
7.0362465407
7.821905284
7.1600794969
8.7811082632
8.9371387941
6.6764342851
1.2233045596
5.5591104163
0.5731294003
4.7345463568
7.4350023907
7.8830826197
5.6004305689
11.0483383547
10.9449697777
9.8404343914
9.12195598
8.2441644761
10.5586495199
10.0392347497
4.246705845
9.9805958937
9.5587344734
10.0349181001
4.5833796075
-5.2000864007
1.5664038305
0.2898645373
-1.2088986724
-4.3667074369
-1.6431901863
0.1593770019
-1.9086844174
-2.0783972276
2.0500571886
-1.6665174034
-2.2545513712
0.9449735264
-2.77856234
3.869189145
0.5751624583
4.897794893
-1.9224817405
2.4257223551
-0.000024
-0.9046405094
4.2582549546
0.5561998291
4.2765595617
1.3830807934
4.125356686
3.847957907
2.480609947
1.2974967371
2.3530606729
2.9438257354
5.1672509347
3.7154425283
2.8335196257
1.3899817827
-3.2006860082
-3.7569499026
6.7788776339
10.4480078905
9.3619817015
9.1432868863
10.9639376823
-3.7151858738
1.3583640732
-3.1997837612
4.0321217871
-4.5022135711
2.8015048317
3.7938634088
11.2850857369
2.5231025143
9.6697260896
8.097448282
-5.6071513433
10.7701240421
1.1003739672
9.1762618192
6.5565486806
7.7629605622
5.9642443275
10.1831071975
4.2918635486
1.3435053436
7.6766095027
8.7498400057
7.1346113386
6.1840584844
2.9465629451
4.356880113
0.5348960368
5.3119468362
8.9107319763
7.1377800047
2.6520562206
7.6152338643
-8.4739955661
8.3281401315
-0.6820097411
7.8408653555
-5.2942372781
8.0853336285
-1.5095772
-0.9007173177
-0.2289114878
4.7672881983
1.2695827342
6.8282362454
4.1093619299
2.2815490909
2.1731301316
5.230628511
3.2878880667
5.4842873544
4.7640894792
7.3168741792
6.7802888589
6.3616884313
4.763192629
5.6688445584
3.3199687413
3.0435400998
6.5425492178
-5.8009679461
-8.8214017951
-10.6203470442
-11.5440825892
-12.017391286
-9.8556332592
-11.3883495134
-11.1449592253
-12.191072882
-10.8035537968
-11.8783571123
-9.6017322719
-11.5092987871
7.7691302787
7.8126459495
8.201821148
7.3431311753
8.151653695
5.3755162247
-6.0258709246
5.6265102577
7.1180776908
3.0262852304
5.0734869099
1.1715153741
-4.6213046263
7.1839164627
0.8634253564
1.3365845523
-3.5273828655
0.0589263061
7.4572215912
3.2077897899
3.5227713237
0.3770154465
3.4034818038
-2.6699392803
2.0405037959
5.9014499011
-0.4784664548
4.8690324388
6.4051696383
-0.7584456685
1.8983386223
-0.1440617717
-6.1914283565
-1.1584246995
0.46727573
-0.7567540165
-5.6081144872
-2.4520258947
-2.4892179773
-4.711600502
-1.9564422151
-4.7207188712
-4.6733728039
-0.926171516
-2.8714198526
-2.9455632187
-3.8728246973
-3.2954734781
0.5434568526
-1.0419802148
-0.7015224719
0.4178067273
0.4028268483
-2.8232731271
-2.5959505071
-1.4748657081
-1.723898371
0.7627651938
0.6666191572
2.1719450384
0.0296813799
1.9834488171
-0.8926247724
-1.9335300088
-0.4013468179
-0.4068529574
-2.0012822596
-0.0442764489
-1.6987886433
-1.9630186815
-0.9036113351
-1.0427120642
-2.7802669988
1.0934735164
-2.0444821219
-1.5308507391
-2.5313873859
-5.8066324273
8.1626833524
0.8508312981
2.820434974
-0.1849771958
-0.6508824368
-1.2482278249
4.0643980746
1.3140485744
3.1885149218
-0.014132071
2.3633135885
-0.2107719221
-1.3825179767
1.5121758191
7.038654558
7.730342886
6.4854824827
6.998634733
2.4113093403
3.8145397023
6.4842396593
3.7645724662
3.8661298059
1.5632692035
-1.1430731193
-0.6456384973
-1.1407360865
3.8123081282
5.3907338503
-3.3424764192
2.4777517097
-11.1719178454
-10.2537088978
-1.0867150359
-1.4594313867
0.4382237404
-10.7518647153
-4.1679279308
-11.0581803661
-3.253452182
-9.7559029472
-2.3136942632
-0.5524098274
-8.9016582417
-3.078966041
0.3375352975
-8.2558254577
-3.0277680613
-10.1178697998
-1.4895032349
-10.6051040407
-9.869936052
-2.9912550527
-1.7758542245
-8.7231039073
-10.0963504616
-7.2578598883
-8.7790933324
-6.9711143948
-8.2453649349
-4.8880758538
-8.454948019
-5.7477997824
-9.680178086
-5.911418201
-10.5906154073
-9.2099665422
-9.6945433408
-10.7429990605
-8.8417657831
-8.0498717366
-11.09350904
-4.2468408256
-11.5205795105
-8.9878780268
-6.5603098096
-8.996003043
-3.1003027204
-8.3540923396
-5.4437803334
-1.5075520679
2.4809394277
-1.2747478115
1.593540538
-2.2867165103
-0.3457058216
-6.5617152468
5.3700158493
7.6206265788
-7.9761812368
-3.3813055877
-7.1338494599
-8.788260925
8.1182799879
-4.9199699689
1.5986827654
-6.449910489
-1.8682402257
-8.2588040793
2.3645511537
7.1796927652
7.4986402145
-11.1176687126
-8.7686512687
-11.3470555505
-6.7817886683
-10.713305543
-9.6604233144
4.5001119943
1.6695582646
-4.3563339963
-9.8004886055
-6.808849868
-8.1926711003
-11.3028878034
-9.7453398046
-9.7374249602
-11.5574894882
-12.4361107061
-7.6881138321
-11.6158816208
-9.9315819685
-9.8699419451
-11.4845446713
-9.1640596413
-11.9776450953
-10.7700565857
-12.4033926548
-11.0436781557
-12.0553728558
3.9917783983
-2.3500414272
-4.1421973316
-3.3283980017
-3.5475295603
-2.8523165665
-6.0243280355
1.0555494057
3.2066178027
-3.9610589682
-5.9810531929
-8.5033958777
-1.4546600693
-1.9849531088
-3.1215812445
7.7685099812
-1.2210651603
8.7340694242
0.6085202606
8.6092630286
-0.0454381933
7.4717149004
3.610674791
5.9062801211
6.0973792929
8.2879605364
6.9286663039
9.213131946
6.6339254056
7.968276389
6.1304427935
6.2743593662
2.6683751724
7.3538192115
8.714082571
7.7098591044
8.0058527909
8.7319901698
8.0202115775
8.2904223946
7.860795789
5.4629206055
0.1203143244
1.9398572583
0.1086441351
8.74369312
-8.5987257864
8.9199991419
9.1722150207
9.511123394
9.1757512759
8.5157238558
9.905046217
-6.3199244511
7.8819442523
-0.4197415947
5.5635749081
-4.0297846814
0.1633045678
7.5675439869
8.2281317206
2.5872595909
6.320784433
5.4727128686
3.428957683
7.0143465558
5.2099900598
8.2772242789
2.0853754173
3.0501546198
9.7415583122
0.9975251724
0.7719531407
6.1710284732
1.9412952808
4.975706648
1.193846357
2.9485497737
6.3328665139
4.748582925
9.5842214777
-2.3470761971
3.3816489518
-2.0367190209
2.4517530387
1.6121265744
-2.8178851955
-4.104782958
0.0882307193
6.9304326704
2.3313689172
2.4622200878
0.3114038773
-0.5163997057
-6.2900442951
-0.8442287077
-2.8448711589
0.830152754
0.3557595634
-3.8993332594
-4.9318530956
-11.9713717873
-9.7599197904
-11.8281381908
-11.4686750942
-11.6007307031
-11.3353132151
-10.6659144544
-12.0049495161
-11.0156953419
-12.391492443
-10.1992270008
-8.8705023051
-11.3241545892
-5.4567228313
-9.1931497503
-0.0752206756
-9.2239097241
-10.3764289724
4.086608508
0.3428978456
-6.1653216528
-8.9101708019
2.4224857464
2.6553094027
-7.4509004983
-1.2821230009
-4.0783658594
-5.0763935719
2.4015991678
-10.3846092242
3.1476321038
-5.1061484847
1.5078682508
-1.1969819352
-8.1683251411
1.0052454409
4.7406257371
-4.7962515336
-2.4417080196
-8.9809998716
-5.4867388307
4.2860233177
1.1685895448
-7.3572156148
-5.351704082
-6.5939941548
0.0007527383
-9.0206555026
-1.8878766003
-1.8806058496
-7.9540455209
-0.8645275722
-11.9879124057
0.343098394
5.432366889
5.0023589514
1.4770086947
-8.2198794874
4.4339710532
-0.5017139976
1.5725070245
-3.4626051963
-11.9232645658
5.1685463914
6.3317072622
4.9740641938
1.5530831084
7.0313772224
-4.6603343099
-9.2057799017
9.8259852615
-8.7634027907
5.7675028172
-6.9663742962
5.6878830004
-7.1390095775
7.0287978787
2.1389540007
7.9217235844
2.6124560785
6.9389395472
3.3490676493
6.4117523612
7.2762456309
6.7711849174
7.0676028308
8.6960642988
9.3326259872
9.4390381605
6.0396690488
9.7461596681
2.2060048181
6.2513156933
9.2839302118
4.3242996059
10.8199379684
9.3133041425
8.6676297162
9.1677313846
7.6181185598
5.3835427737
9.5043085651
5.7257328331
0.9702123701
9.1962664522
10.0566620087
5.8806550599
3.6550176709
-0.8417027032
2.8341932565
-4.0924514281
-0.3832182327
0.3201650223
-11.5940121159
-6.8522579888
-1.305376299
-5.2724062782
-0.4478276445
-5.7053515812
-1.0856316747
-3.1561720104
-2.6174179033
-3.5530131208
-2.2180379717
-5.4656557534
-3.0632258177
-4.1585195329
-4.0827465936
-5.5016289606
6.4938949988
-0.5564240159
6.7058918495
-0.5869748514
4.7654923881
2.1819128428
0.1307311627
-1.5633485733
-1.0694890484
-3.7305457488
-2.836976256
-4.4004382419
-2.5039015271
-3.3032245467
-2.6855529288
3.7133959226
5.7596642653
5.2774345955
2.2852499713
-0.0139781429
-1.346625572
-2.7222954556
-2.057113378
-8.0550765643
-4.1656853183
-5.1752955468
-7.3206340638
-0.8896666265
-7.3236167108
-3.191689891
-8.1570388278
3.0003647149
-0.9775975189
-0.737314227
-2.6051655995
-2.4686010049
-4.6420124616
-3.5541325979
-3.9000493924
-7.3661536003
-9.6987531081
-8.4671012335
-7.7343012285
-9.6082113052
-9.3073963986
-7.6770073656
-2.6264169979
-8.6602561799
-9.0288101766
-5.5866292241
-7.124407612
-6.9134461342
-6.8403236992
-4.1020913692
-6.5722246645
-4.7152098407
-7.3824132903
-5.8447775987
-6.3560027118
-5.7546064732
-5.514316257
-6.0084697845
-7.1238455625
-6.408745422
-5.6827374668
-6.0365116285
-4.0191172858
-3.3421793877
-4.035757678
-1.7010892731
-3.5738990031
-5.7272123178
4.7802737659
-4.1773292087
5.4335261303
-3.4964025585
8.5269492094
0.081408039
5.663462991
-4.4339407963
5.7220922473
6.5547203032
6.8852069951
-0.9257132187
8.7424051508
-0.2049742597
8.5804623149
6.131470908
6.5244802781
9.1389788253
4.3677397988
-0.6532410172
8.7219061036
1.712229058
8.7263669721
2.6626941128
7.7119544354
5.9171877078
7.4061101759
-2.0563740006
8.0361908012
-0.5147414388
-2.1511284783
7.073886305
1.375492543
3.8202428111
2.4264614121
6.5754162467
6.9658331179
6.6695669011
9.0564196062
3.7245456823
1.901244107
7.3034447067
6.7132626377
2.3763954789
7.4356141923
6.0991008179
-1.1663978918
0.7500178839
6.4205441728
7.7541198632
8.106459445
7.4174989109
4.7845987817
7.0628526763
3.0575341228
6.1129282655
6.7671069014
9.8930696999
9.5534168963
7.9255057408
8.2136799124
7.6861214685
-6.4252899184
-1.981317035
-7.0106801998
-0.8925025535
-7.8605415687
-7.2677168699
-6.2421806309
-2.4864289667
-8.073313644
-5.1596813278
-2.3204556029
-4.7603820302
-0.2264917516
-1.0323914177
-6.4841015067
-5.427439653
-3.1564214944
-2.9121706178
-1.3421764455
-6.5549125285
-5.0971664224
-5.0074861142
-3.5475671145
-5.4991556364
0.9028918708
-4.2725825491
-4.0125049057
-4.9023252997
1.6467364545
0.6753103399
-5.3515797999
-4.1716973238
-5.3563127913
-4.392826017
-3.1580473954
-3.7783821828
-2.2418272657
-5.9446398405
-2.9253315141
-5.0797059215
-4.1443763186
-2.1814508192
-3.6146351082
-3.5448562789
-1.7262802435
-3.7080881853
-1.4106045943
-1.7713530785
-0.5943087315
-0.9527186971
8.1383545617
4.101977796
11.2646980431
5.5262373948
7.2425454008
10.5271316323
8.4876395673
10.6903604958
5.0548949943
6.1359481539
8.0668211914
7.5552368514
9.5607077884
7.8407073088
8.2063795916
7.6966395513
8.4023502041
9.9178977812
9.4975748003
9.3374901053
9.1612983231
9.5062761474
9.5957308548
8.3038461607
8.475450134
7.2002375599
5.4990522194
0.5037729744
1.2353419199
6.919857363
7.8943880167
7.4321735201
2.9993419237
-5.3940643108
-5.7871219639
-4.0459457221
-0.0215689238
-0.0665306484
-2.3384395114
-1.592207338
-0.7639930657
-1.1528671644
2.2882361489
2.6970692741
3.7789047423
8.7666005939
-3.5718401554
3.175606964
-1.9900622356
2.5960522522
-2.228159703
-0.3163962466
0.5298747491
0.5585113387
4.5231388346
2.6079229162
1.9588485282
5.1926787482
2.0112335203
4.6681609551
5.2171940756
4.3098947977
5.3472220033
5.5609473381
-1.0429659685
2.3188255013
-3.9474048073
-4.3862859561
-4.671916478
9.27789857
9.9617691957
11.1204332307
10.0979442503
-1.0580882791
-0.2366747075
4.557489493
8.1486742714
11.445573459
-0.9855046522
5.2870300664
10.7641253004
-0.5607267118
8.3241329887
8.5371861702
1.1369872802
8.6941575839
7.6207839009
4.2035907399
6.6966530138
3.7301971333
7.5941846754
10.7671025543
7.5681856465
5.8363778744
5.7337851253
