128080
32713
159400
52745
15490
162458
97297
63791
114499
44974
71206
29908
56357
16020
98029
71120
152637
19853
116174
6559
58250
98219
82803
19914
29672
33086
1588
144590
41018
37156
60188
60201
76819
50625
1090
60217
29334
61353
101094
101035
156644
61371
21045
141935
24084
120162
156955
156936
61445
97392
39917
7938
17426
136674
101863
162124
160833
160845
127774
90278
62948
149005
161492
6102
114443
101954
90754
101982
120881
34254
94623
162306
143782
144105
114416
144068
22582
622
22591
61742
126398
25273
101497
158108
126439
138891
97042
42668
101359
310
12946
24645
116476
9621
27863
87670
93301
120390
64677
74699
17101
68969
55641
102761
106983
31455
42218
64750
25246
2710
87515
147323
38936
17133
87595
9637
126483
158346
33795
107054
78529
51998
147356
935
95175
58802
157453
113717
144035
39989
70251
91259
53442
70268
114680
118435
162997
63082
44085
114818
13441
28288
22193
143360
163764
162911
115155
13168
163801
63325
56150
17641
91406
5840
100935
27701
156490
38472
135083
546
5063
51588
63049
135692
91162
86108
70239
156601
7990
94614
126326
107775
148919
114219
79652
137074
79616
161687
161791
87746
26297
87267
112281
52119
161661
87163
161707
135925
31493
87821
97065
54767
13576
126628
24731
158682
114146
107711
62794
18893
40299
41302
132540
102998
12063
12056
6372
597
120617
47542
89140
119774
73133
117409
134358
84024
45747
124709
140967
52749
93399
154040
67790
124717
4818
124680
124734
110205
20339
90433
139225
157212
59131
15651
93492
44702
8548
34228
95393
31920
148688
148650
157112
132382
18807
137077
114272
46386
17453
17460
161951
137130
90647
127954
62833
2493
161942
51525
530
4943
51296
20569
10764
111157
275
117500
100726
1161
154884
51257
11390
51268
53710
120903
75110
102003
29512
7980
22976
91054
144305
97704
115131
162564
32134
4400
128533
17629
14037
162866
102190
93580
115015
121042
144215
17605
79953
149234
53418
137328
118386
75610
2476
85
152
148761
1366
127703
22290
53079
108351
92848
26509
95692
103391
139691
10310
95675
93922
45293
105614
12179
150399
123374
99976
145810
129680
103662
77115
106125
103706
117183
30785
83290
9062
153206
4784
6597
27150
43249
153918
30883
83969
100586
110263
109860
119836
33299
119830
76977
58311
106294
1618
6189
119802
35013
77340
65619
161755
86521
93480
105121
31276
111638
122688
9453
161900
157004
86475
86276
64964
140045
119418
50779
30502
34634
27062
147784
81451
144900
153539
54675
58097
44359
72707
124653
41864
50717
63685
13668
11275
152046
119515
133590
23812
151457
69143
133415
60015
30612
8912
19625
81962
151819
82181
82094
109095
133467
72570
111313
111367
35195
156138
73750
47625
95067
146651
121960
31158
43443
73808
152671
76532
56990
105790
100487
54412
131238
45560
105924
30772
145166
117206
123923
73076
98319
42042
42021
45526
117123
43141
23851
55211
43129
26952
23441
7230
144712
15927
70649
128726
11719
13456
866
63440
65364
41786
8180
13449
116178
42467
153514
1120
42017
33113
72803
34812
118693
1233
72467
100157
86572
3145
26720
156909
36351
86319
155910
146831
111253
55514
50308
111271
125525
41837
63612
32473
33658
120186
64544
25169
78177
147013
44999
146948
146929
18324
138630
106862
7323
65942
116360
274
37854
58556
23245
51188
14174
64346
124157
25816
14165
34892
34953
109405
145950
138239
44481
11213
82518
16344
133678
116750
19807
66705
23215
145842
146306
141259
47505
106433
65566
14181
49877
121805
99312
146148
106393
70904
71014
46680
138273
49914
138412
28871
11087
23073
16007
19179
11805
71034
121761
99294
146101
149807
123216
149780
154704
37919
105677
60837
42913
60817
102247
154786
29690
51204
48480
154371
2762
139561
54922
92817
47115
108631
17772
149286
123465
3521
8761
121145
93943
121127
130952
48372
10303
41470
48378
37899
125052
36537
67971
110527
47497
60735
149322
53919
119373
13750
80415
26604
94157
51150
107996
123059
42856
132795
132713
30307
119203
36207
80313
19076
59414
149665
149572
123023
132667
45219
139429
23750
157802
54993
93267
59816
9577
81559
33748
94351
139971
150805
74288
36729
10853
66973
54135
60099
14758
130210
4560
106695
138862
18443
19797
115333
123558
120280
157308
12838
24136
150876
126259
86770
147257
135504
74223
1244
27766
87017
7765
112085
18426
96874
122141
95129
86925
151241
38857
151188
150935
142168
64859
143090
39858
160049
52700
94492
118035
122560
45195
122900
79197
137607
11997
97840
97852
10208
115037
53609
15787
14388
3945
163267
91772
128380
122878
159985
69469
62253
113243
39579
75778
70371
9735
152002
49239
147673
107230
78639
78836
88178
5381
33888
88801
147932
104800
130461
64702
88422
21651
117970
24680
69241
66139
39384
35663
126770
112727
112899
74587
148024
74609
28022
136024
9698
159196
126816
25063
73449
141279
1341
17341
5458
148
55770
28101
75759
136585
323
120533
52574
148093
142880
159515
84162
152970
49401
7363
26984
53879
84252
45679
60703
122502
116512
154301
