0.0693939382745569
0.0648217424719154
-0.0820183416238905
-0.0971338090883852
0.161204041051654
-0.139163542098321
-0.0446654999611205
-0.0983958615757621
0.0805984712955928
0.0476587692816058
-0.320147550492267
-0.417384569630847
-0.366831230103967
-0.391314844392105
-0.377834787448560
-0.389414898043983
-0.327615212364839
-0.0741701232132354
-0.0847245831087033
-0.0679819240194815
0.0734672022241253
0.0399996407911530
-0.0542356197705769
0.00227563147451812
-0.115111444595489
-0.0490148624478984
-0.0580257842457296
-0.164433109305172
0.0399996407911530
0.0278103287416236
-0.115111444595489
-0.0334080085737556
-0.0173152635420431
-0.0173152635420431
-0.0346418865107667
0.0121133115589478
0.0527405464144522
0.0516818036952309
0.168583063335658
0.351504352899894
0.0758459866903947
0.193936645914234
0.524661136781393
0.539359010682873
0.356825266770563
0.168583063335658
0.433305900123647
0.431014483120174
0.417785231257910
0.539359010682873
-0.514163891526057
-0.435091622576709
-0.514260118014169
-0.375843269297802
-0.472610941769405
-0.458372815842330
-0.506954614604873
-0.425371394321449
-0.456358510331445
-0.405806108265352
0.438306742751607
-0.269364731728030
-0.322544181410390
-0.0628400062027617
0.133823896318133
-0.0971584884779315
0.238067284865635
0.0327675538499214
-0.123531434950595
-0.0114280774079667
0.438306742751607
-0.0338435712579112
-0.0952367824291071
-0.0526737538621322
-0.107793271504147
0.103997496921054
0.176389933616923
0.0642989364052611
-0.0669648520633421
-0.111645522368542
0.156727123418640
0.162592832287264
0.316695964178977
0.0743576225487247
0.133244917213435
-0.0853679088449216
0.0141620864733484
0.171131679670446
0.137911353288953
-0.0958935537259411
-0.0214944699668821
0.112954793000551
0.262222599882012
0.170176186913077
0.0648217424719136
0.171131679670446
-0.137175470449640
0.0648217424719136
-0.137175470449640
0.262222599882012
0.262222599882012
0.170136872470818
0.128002196463211
-0.0605607562467371
0.0399331009825263
-0.0449808097956776
-0.0933963022813967
-0.0933963022813967
0.112954793000551
-0.0212618078686927
0.262222599882012
0.113915880742175
0.113915880742175
0.0642066553341705
-0.0274812000521139
0.00276560421149493
0.0931536845185070
0.0528008387552963
0.0931536845185070
0.0540210941940653
0.0399331009825263
0.0973149660320963
0.232004074155776
-0.126417634234796
0.0504845955398035
-0.309576953253820
-0.0582273606829970
-0.288325977909595
-0.288940191981535
-0.333270451964131
-0.341241646890123
-0.261679881302376
-0.302263976583264
-0.206575866774904
-0.0810430636829214
-0.166936285675211
-0.0924693321957168
-0.247500960601731
-0.240654474739770
-0.112214199177297
-0.262125500155439
-0.127936682396326
-0.0917854116186998
-0.151328567702271
-0.246278865305592
-0.164815881496696
-0.164398106844669
-0.133391707073806
-0.144856144597442
-0.217338462771745
-0.137375777661482
-0.153060007537679
-0.0223996107132888
-0.168115405966184
-0.0175658176632388
0.00235161000287788
-0.0404909116582699
-0.0577174739048020
0.183394959676122
-0.0422923294136797
0.158033124029142
-0.107124374417714
0.403040138422312
0.182209563932500
0.470217486731386
0.271171419750003
0.511360870980078
0.268531253093180
0.331626595300779
0.383036875948005
0.505707283588502
0.383036875948005
0.375389353977783
0.246884337186626
0.283339953110407
0.375907596090784
0.375907596090784
0.454857790095735
0.194966377452243
0.343621496944980
0.316695964178977
0.375907596090784
0.316695964178977
0.293626850965257
0.268531253093180
0.518383859005616
0.539026652402453
0.405330598583809
0.533971717642227
0.454857790095735
0.331626595300779
0.243855848606608
0.518383859005616
0.371641449752527
0.410697136803736
0.215336058133512
0.473984456254247
0.404578661386222
0.518383859005616
0.377127946291427
0.405330598583809
0.425579396941884
0.316695964178977
0.215336058133512
0.215336058133512
0.473984456254247
0.533971717642227
-0.232159125550817
-0.301530265578157
-0.375260385328354
-0.212912303826307
-0.254709758438859
-0.260326560409686
-0.308098867170309
-0.195466536757502
-0.0930691811807847
-0.348303697282684
0.0865638825971345
-0.355995779897248
-0.266185143920635
-0.217028544993016
-0.0708692571777085
-0.234893645339056
-0.0302919608595192
-0.0302919608595192
-0.153284730588268
-0.153284730588268
-0.0890510912777435
-0.102483129410753
0.469081224748326
0.395399789484812
0.518383859005616
0.246898272439860
0.518383859005616
0.200751412353320
0.303515354185519
0.338050797622688
0.127445824213570
0.100872305196521
0.106477644448957
0.446751641894740
0.402465563650698
0.524392602858867
0.373517192572241
0.543844493327560
0.507102336342444
0.164616835895394
0.232945960568211
0.529391295443712
0.475559503615306
0.319910201396621
0.179576045915904
0.540273297829034
0.534154062127882
0.438730871543867
0.488937046891262
-0.374723241012309
-0.297636204761957
-0.454283302475493
-0.304675792420221
-0.436159352373685
-0.297924834215660
-0.287207842984589
-0.382725978880152
-0.268260971206528
-0.229894779049032
-0.332450856748054
-0.139887279410284
-0.244502584799421
-0.254302640904455
-0.0986791092635540
-0.119281285407286
-0.339201810903094
-0.00130847222581202
-0.288328940548264
0.0845795982027156
-0.207253929642753
-0.00749682469673793
-0.226016312176810
-0.0644372249915355
-0.100822344120694
-0.220007979437518
-0.179305858934571
-0.129885625850618
-0.0690955626013666
-0.107263197475597
-0.110353888416618
-0.143040603722956
-0.131765474804836
-0.241403720165622
-0.327127415994823
-0.192438873808721
-0.300809945594025
-0.372302159316168
-0.253627689720283
-0.276326200714130
-0.271604046843154
-0.258800465901678
-0.288284429561780
-0.353202729137963
-0.327069461801835
-0.146063389304636
-0.282022866336393
-0.132697671769104
-0.248382434685853
-0.281028098765739
0.217685431270446
0.0399768793127981
0.342519569772857
0.234326563860646
-0.0585559854801010
0.181555713406633
0.128784862952619
0.321481687890573
-0.0414818397782084
0.126763877717113
0.112637668691525
0.0944145198024767
-0.0922666322726603
-0.0603719496261692
0.146932675078098
-0.320999208083304
0.0288001124329835
-0.214353082297407
0.0542481986530999
0.00208319272640502
-0.0351484851282694
-0.0603719496261692
-0.253938520858808
-0.564886904961627
-0.347384848176080
-0.129920686334894
-0.0364087251626136
-0.00386774644057917
-0.0317020561444604
-0.0622905803929040
-0.160417627821039
-0.0491164603864661
-0.0858734492169294
-0.0935134779032083
-0.102601888313661
0.146932675078098
0.0288001124329835
-0.139277860977760
-0.139277860977760
-0.0127526432009728
0.0381986654082842
-0.0790891334191235
0.0254391411285225
0.0254391411285225
-0.0358075199015646
0.419956677468337
0.539026652402453
0.335521036894879
0.468098406326476
0.419956677468337
0.464391551480853
0.496816128121093
0.539081462868189
0.449100388320901
0.558969560739286
0.449100388320901
0.341921099721272
-0.0362302379584326
0.347238079898313
-0.230396791678627
-0.0362302379584326
0.0879917151597900
0.176812078663249
0.176812078663249
0.333475406854646
0.0533881048839578
0.333475406854646
0.269879900790024
0.342661592167345
0.124611820649852
0.109405148861528
0.0879917151597900
-0.158340075189334
0.245063733786451
0.228517818446695
-0.0523879999426113
-0.00816088249005888
0.0979323466629917
0.356910228274113
0.373784646671165
0.204670345364782
0.381839357782819
0.0987519514827278
0.152214258633521
0.367900684163638
0.252381234307987
0.00370595391424191
0.0265062689493438
-0.0157500341423259
0.0265062689493438
0.257582151508799
0.257582151508799
0.330577711565537
0.247695879044510
0.355172798826813
-0.0965034617606268
0.0631632533621096
-0.0428099374353691
-0.0210969007874459
-0.0857530793826587
-0.0611996272182169
-0.152449157371447
0.192484083080638
-0.201784494154725
-0.302292233038470
-0.350234473610260
-0.304722750099528
-0.108246885252747
-0.149456872180240
0.277790074886531
-0.0314890286063515
0.369936124309210
0.214077418618867
-0.0351484851282694
0.221540116996028
-0.148743463297180
0.176535084504672
-0.246902023441355
0.154255306448707
-0.246902023441355
-0.0676096466236299
-0.158509664581566
0.0390515866743009
0.176535084504672
-0.0736942267256674
0.284766736309853
0.0208000776396596
0.170937435792563
0.00375753661373605
0.275821497553621
-0.0214900708620633
0.288010362577818
-0.0531073269853833
0.308042406723562
-0.0953292348644415
0.130043038265069
0.233568462719485
0.0832316061446773
0.211169861551409
-0.0246583034330557
0.211169861551409
0.172768237366724
0.0791228922431204
0.211169861551409
0.268303102274472
-0.0201503126005946
0.172758944893423
-0.0286756733215752
0.183669759955767
-0.0416787313105562
0.100799016444550
0.0263020644451172
0.0142554247668595
0.0388867949861373
0.00220878508860173
0.492900672292886
-0.0284146199744010
0.497279642829953
0.0520216431322037
0.168583063335658
0.000512501143966951
0.0758459866903947
0.000753443244738137
-0.0204831023073452
0.0335940696369140
0.168583063335658
0.0629548477698826
0.0404536746758687
-0.0338680991253444
0.134536744217198
0.000753443244738137
0.0461790815426462
0.120076323373848
-0.123092231762988
0.0418515746185200
0.00926763490722094
-0.0875357018612615
0.0388072569001151
0.0383749120574745
0.0337097650604969
-0.0875357018612615
0.212093748502563
0.212093748502563
0.212093748502563
0.0138337130337091
0.0824717540157732
0.106531119107303
0.0138337130337091
0.0138337130337091
-0.487330772638232
-0.466650515263595
-0.449136057569099
-0.447152731647012
-0.502887441211529
-0.536578955443832
-0.432937537589471
-0.0741701232132354
-0.0795043312787735
-0.0416079839479595
0.0960670861194698
-0.0812844887838509
-0.164433109305172
-0.126072728337424
-0.183717348146999
0.0822880217800581
-0.0741701232132354
-0.164433109305172
-0.227928623598686
-0.0551046797813552
0.0960670861194698
-0.190224744761233
-0.190224744761233
-0.117332146043676
-0.107780562938154
-0.0899430193447055
-0.0824130918562680
-0.141884589173377
-0.159568147499759
-0.116144250145975
0.0960670861194698
0.146932675078098
-0.190224744761233
-0.0790891334191235
-0.190224744761233
-0.0790891334191235
-0.0790891334191235
-0.00555253250568316
-0.0790891334191235
-0.00555253250568316
-0.121037293467857
-0.133556857910110
-0.0265817352961888
-0.188362096262423
0.0309452643922827
-0.00555253250568316
-0.0855695109601730
-0.00555253250568316
-0.00338554264989864
-0.190224744761233
-0.00338554264989864
-0.0821942503660382
-0.108748432218052
-0.118009043686022
-0.128919545429518
-0.285970542925780
0.0447594095559982
0.0822619502383202
-0.204494714509058
0.0473557972561286
-0.314954757196489
-0.138723301388279
-0.0940130395706880
-0.403972251796043
-0.184183233042856
-0.0763998851978884
-0.118646498262860
-0.0224814268703621
-0.447152731647012
-0.102858651633921
-0.184183233042856
-0.0468816681677522
-0.480930445261406
-0.118038826506055
-0.233349701446204
-0.0137791515236817
-0.102858651633921
-0.0849886860978390
-0.125135612821426
-0.184183233042856
-0.116948476566712
-0.230295115236856
-0.0754248134380270
-0.0756929208998269
-0.174220512231910
-0.106905402501681
-0.137389762688237
-0.0341473221935295
-0.0307695366047310
-0.234773762665481
-0.125135612821426
-0.118038826506055
-0.243781318513875
-0.339779836321511
-0.269682023264719
-0.377834787448560
-0.0395277165649276
-0.104732798022109
-0.125135612821426
-0.231925640226928
-0.152878611673133
-0.134694113987088
-0.124746342928292
-0.263357964196328
-0.181919465781379
-0.337204322577063
-0.337204322577063
-0.0717752362138009
-0.0223724311990207
-0.275695717461420
-0.0996676562190298
-0.267954358093824
-0.122218834471712
-0.267912990950210
-0.105953793448236
-0.157304668516782
-0.267954358093824
-0.154666917692431
-0.165106990707055
-0.0951414882155187
-0.116318888859492
0.258146394938508
0.375074966870943
0.0651711420064065
0.194966377452243
0.267695179615265
-0.0474133020571447
-0.00816113478004746
0.258146394938508
0.0105301452128968
0.0530209201197010
0.458696392314694
0.0105301452128968
-0.0777706654989729
0.354475917329983
0.0562513538317257
0.203748418724842
-0.0229514413625640
0.267695179615265
-0.0474133020571447
0.168583063335658
0.0967350401981420
0.324707362172914
-0.0474133020571447
0.221333140847790
0.0340100799129056
0.324707362172914
0.221333140847790
0.0983147551735225
0.0774637878739765
0.0983147551735225
0.0338599224867012
0.0774637878739765
0.0412377502593242
0.157915024307685
0.157915024307685
0.0223932273714812
0.171131679670446
0.138512296725343
0.258764495474036
0.0558912917159548
0.0223932273714812
0.195154800926184
0.138512296725343
0.226959648200110
0.144074959590742
0.160475844728106
0.0709273505730713
0.0412377502593242
0.144074959590742
0.0967350401981420
-0.512018960685543
0.0131667175711593
-0.516529097329699
-0.0189888746190104
-0.364731147334958
0.103816923944711
-0.155046842928361
0.342090688316594
-0.162205560687695
-0.114806733209813
-0.0878840375321481
0.260572669948745
-0.0818905663580807
0.0962503900203380
0.107194639765832
0.172909384222257
0.102381697255823
0.176982790776558
0.196131858900663
0.00704451249615894
0.0400783982705013
-0.140844433232067
-0.236407168580431
-0.443339701563482
-0.549850344174312
-0.209679574437092
-0.287144511333627
-0.252035321506493
-0.283332291587108
-0.333757746066285
-0.179433988031468
-0.334648784632742
-0.184177522229195
-0.274790590954496
-0.137175470449640
-0.0777706654989729
0.330577711565537
0.172700384702504
0.134553158624101
0.0983147551735225
0.0667829182211306
0.134553158624101
0.330577711565537
0.134553158624101
0.330577711565537
0.0192160178493466
0.172700384702504
0.172700384702504
0.00669741590766228
0.00224985520501708
-0.0322949535030243
-0.137175470449640
-0.0322949535030243
-0.124769794154650
0.0887641522450162
-0.0446377156501996
-0.0349434279201309
0.00471566413655951
0.147762526170813
-0.0667818484787875
-0.0825907761482220
-0.0667818484787875
-0.0712972449467004
0.0320805858963883
-0.0417810766842564
-0.0297258704226172
0.0122716769557376
-0.0518826589825815
-0.0825907761482220
0.00471566413655951
-0.0845009158603036
-0.168261691899525
-0.422618368034900
-0.406435772586623
-0.495841779070262
-0.546040592452821
-0.336871373208864
0.207261588407792
0.0390586131254202
0.119316440383046
0.112265854252763
0.0352043768187656
-0.367017310716738
-0.0859893110289575
-0.564822029644521
-0.0540565701858862
-0.138080117778631
-0.324682135933250
-0.0693972565504307
-0.403805978546235
-0.185030712274021
-0.316381527797412
-0.117144284760385
-0.401255877854779
-0.261133769758157
-0.306561975627767
-0.286418967057169
-0.352841183770169
-0.268561196122898
-0.385302660663005
-0.461409802268743
-0.0282130387623291
-0.0936841077054281
0.166006112220793
-0.0936841077054281
0.109216637511284
-0.129255698608082
0.00490685945740847
0.00945386286003113
-0.0954928751268350
-0.303677595345047
-0.294993087682354
-0.338366828393284
-0.416581145364494
-0.321297698218743
-0.411660471729570
-0.361007877295754
-0.0847245831087033
-0.0741701232132354
-0.0812027924213111
-0.0741701232132354
-0.0489074329372662
-0.115111444595489
0.00227563147451812
-0.0401644648958248
-0.00831682031325470
-0.0346418865107667
-0.0346418865107667
0.0216824916909881
-0.115111444595489
-0.0346418865107667
0.0329563003463106
0.0121133115589478
-0.0580257842457296
-0.0173152635420431
0.0278103287416236
-0.0416787313105562
0.162851565341721
0.341921099721272
0.0758459866903947
0.193936645914234
0.375074966870943
0.509963262879913
0.539359010682873
0.431014483120174
0.328307314317535
0.348500764929017
0.432751285404594
0.356825266770563
0.272551005906368
-0.506392525123534
-0.494624538320528
-0.342331232502303
-0.460605001202898
-0.397332261405182
-0.458637778498971
0.438306742751607
-0.479976285919625
-0.518626657835113
-0.350658848578166
-0.347901785942297
-0.319035969119867
0.127396374021797
-0.280869547524129
0.238067284865635
0.0622236796268793
0.0345238895705113
-0.0338435712579112
-0.166062793624201
-0.0965902944656606
-0.101289592632501
0.0327675538499214
-0.0637896946061986
0.00640035970509647
-0.0847623441633733
-0.0526737538621322
-0.0504086658273581
0.163109253185367
0.162592832287264
0.162592832287264
0.0438018823874621
0.0929551126682605
0.253428285673328
-0.0474943546161428
-0.0496096662676924
-0.0256524968137008
0.0983147551735225
0.142577789364471
0.134553158624101
0.156357330917644
-0.0100249185510693
0.170136872470818
0.0333230026036127
0.134553158624101
0.383036875948005
0.0648217424719136
0.253428285673328
0.0858675204556032
-0.0916604921121112
0.0399331009825263
-0.0417810766842564
-0.0474943546161428
0.150578728796834
-0.116126736099315
0.0790316333185215
0.0141620864733484
0.113915880742175
-0.0520190932597289
-0.0474943546161428
-0.0449808097956776
-0.0100249185510693
-0.0480805283629271
0.134553158624101
0.232004074155776
0.0334861297728327
-0.0251463091013740
-0.0933963022813967
-0.0449808097956776
-0.0212618078686927
0.0179191746013614
0.0931536845185070
0.0319381031598264
0.171131679670446
-0.0214944699668821
0.169220694155708
0.134553158624101
-0.0490785866808980
0.171131679670446
-0.294227419005116
-0.113543182579333
-0.259654526029118
0.0132710773030300
-0.109036696864692
-0.00351018475382021
-0.0924693321957168
-0.122800318388504
-0.133752289996312
-0.167995092205597
-0.137157163827420
-0.228899349670687
-0.190876829412210
-0.269613422720903
-0.377767934276003
-0.332996797222428
-0.318226724455184
-0.285517666427823
-0.188011163864931
-0.290233710438848
-0.320149887464944
-0.335071945625913
-0.253289445017260
-0.269463107741930
-0.181093773651051
-0.217492139675966
-0.130582630235781
-0.109661564289419
-0.166572382154046
0.0144962607340521
-0.0579732318592898
0.230126944711606
0.143999482796684
-0.0491041927815359
0.108355726149477
0.199970531259722
0.285020672161593
0.383036875948005
0.470217486731386
0.375389353977783
0.558969560739286
0.182209563932500
0.238067284865635
0.194966377452243
0.291323144933595
0.454857790095735
0.414484439209654
0.375389353977783
0.505707283588502
0.246884337186626
0.539026652402453
0.377127946291427
0.268531253093180
0.371641449752527
0.194966377452243
0.375907596090784
0.458696392314694
0.375907596090784
0.458696392314694
0.405330598583809
0.142577789364471
0.347653112030601
0.142577789364471
0.347653112030601
0.371641449752527
0.347653112030601
0.347653112030601
0.405330598583809
0.347653112030601
0.396848267923708
0.215336058133512
0.491971014260772
0.215336058133512
0.469081224748326
0.473984456254247
0.376271460851455
0.473984456254247
0.215336058133512
0.414484439209654
0.215336058133512
-0.302275690858871
-0.333296770483705
-0.212151365693028
-0.449637079974649
-0.202925283308591
-0.214600376754508
-0.250599891715349
-0.254709758438859
-0.0266616062933992
-0.217028544993016
-0.0249432507700997
0.0865638825971345
-0.403009582295691
-0.304656999236070
0.149106544731697
-0.0178320242886906
-0.0302919608595192
-0.228357881606695
-0.234893645339056
-0.0302919608595192
-0.153284730588268
-0.308098867170309
0.518383859005616
0.0973162630434152
0.482908960503624
0.380268618595917
0.518383859005616
0.469081224748326
-0.102483129410753
0.106506672783412
0.147957905670540
0.0942495422068827
0.164616835895394
0.326383679575770
0.404953488894498
0.303515354185519
0.465431832016513
0.482382558327888
0.506608117689786
0.320411611409628
0.392972571374460
0.529391295443712
0.475559503615306
0.529391295443712
0.134113119204740
0.242972462710145
0.319910201396621
0.394839672667472
0.356865054021893
0.438730871543867
-0.346514313012083
-0.340989025404726
-0.283472712288611
-0.268260971206528
-0.235433244953826
-0.141083837427798
-0.372443901241610
-0.393214316638915
-0.436159352373685
-0.347894989210941
-0.0986791092635540
-0.270949557557259
-0.475524246722694
-0.336207776648686
-0.358227542793739
-0.315525599205177
0.0845795982027156
-0.283619706236901
-0.0983958615757621
-0.307967223390745
-0.0388939244121380
-0.253627689720283
-0.112978611014962
-0.250265238202892
-0.121835760859586
-0.268317491451368
-0.0713703999842720
-0.283891211509678
-0.141947436934786
-0.253627689720283
-0.226016312176810
-0.190986378416697
-0.220886575555810
-0.252872328375985
-0.226068166716459
-0.123570871065385
-0.247956619841134
-0.178238990027027
-0.199256985804611
-0.0868242216413002
-0.171591780463234
-0.0950241491158193
-0.150621153791847
0.00791619467308087
-0.0442525074400758
-0.322243747054026
-0.191881706980046
-0.296538142527459
-0.275080057282261
-0.365767786479096
-0.229046563828542
-0.0208227924861778
-0.295582662296975
-0.0840675204620516
-0.0922666322726603
0.128784862952619
-0.218376789096979
0.345967859947197
0.234326563860646
0.284061984307254
0.0473557972561286
0.0167491515989348
-0.0414818397782084
0.114552280400977
-0.283290012172010
-0.0395065347635303
0.0167491515989348
-0.0105720365173987
-0.0741701232132354
-0.0603719496261692
-0.347384848176080
0.146932675078098
-0.0384362777718982
-0.0384362777718982
-0.00437463459290012
-0.0351484851282694
-0.0639187468042446
-0.144596006974783
-0.564886904961627
-0.214353082297407
-0.481002898380620
-0.0671832624254594
-0.0930853924010233
-0.129950362340736
-0.0730863382197498
-0.0871368562485679
-0.0622151315173573
-0.105365691288692
0.00208319272640502
0.146932675078098
-0.279235457992425
-0.279235457992425
0.0288001124329835
0.0288001124329835
0.0285782782271631
-0.0358075199015646
0.0288001124329835
-0.0358075199015646
0.0254391411285225
0.0254391411285225
-0.0790891334191235
0.539026652402453
0.419956677468337
0.539026652402453
0.193936645914234
0.0758459866903947
0.341921099721272
0.463369578656092
0.511166009828720
0.507349445668772
0.417617093132985
0.476173152082561
0.511166009828720
0.394839672667472
0.347238079898313
0.369936124309210
-0.229830106463431
0.251342758574485
0.251342758574485
-0.000790584779160937
0.0521164731771403
0.358158622657339
0.282221508691371
0.0228701514015753
0.0522778336213272
0.333475406854646
0.333475406854646
0.179363859491458
0.181270208563282
0.197014437734720
0.381839357782819
0.0631632533621096
0.124611820649852
0.176564819548274
0.176610726147166
0.234622675889930
0.456013239350307
0.228517818446695
0.355172798826813
0.257582151508799
0.231978172131688
0.313516107510319
0.345001620081679
0.00370595391424191
0.247695879044510
-0.0157500341423259
0.353403267606542
0.316028319198943
0.322063921816036
0.0265062689493438
0.152214258633521
0.308042406723562
-0.140502605302329
0.128943527019997
-0.212991247792850
0.00566995533831057
-0.0452543701796525
-0.241692710791484
-0.328426828154354
-0.296042794875038
-0.320485465084875
-0.156395021406085
-0.0633642132424248
-0.143971013340074
-0.0214900708620633
0.229636879544999
-0.0132208609139776
0.358158622657339
-0.279237760712611
0.176535084504672
0.214280354389085
-0.244879524366996
0.194083743484758
-0.0885583939505211
0.275821497553621
-0.146981591635009
0.267978318432074
-0.0132208609139776
0.267978318432074
0.000997654519218003
0.152346076592299
-0.0531073269853833
0.0954858030412584
0.233568462719485
0.329018566470777
-0.0319786443034781
-0.0953292348644415
0.0200017094114517
0.217407209455818
0.104038444517244
0.0497670971337437
0.176535084504672
0.00732615180734506
0.0388867949861373
0.167689438500381
-0.0286756733215752
0.169425215504401
0.139384510962484
0.172758944893423
0.0327455189908445
0.0216580322024571
0.00220878508860173
0.00993937264107576
0.00993937264107576
0.0179698024840969
0.00375753661373605
0.142641116922840
0.0417362145476736
-0.0188832228313562
-0.0613714898185666
-0.102592667036539
0.486813401525199
0.217685431270446
0.000512501143966951
0.536202455302899
0.0138116867128898
0.0523296644952817
0.0758459866903947
0.134187071735430
0.168583063335658
0.138936842525095
0.189624082577737
0.0542497721396074
0.221333140847790
0.0587343505011235
0.0404536746758687
0.00926763490722094
-0.0875357018612615
0.0158722794458149
0.123035354591065
0.0278754100128297
0.0533992100227815
-0.00390766851657199
0.212093748502563
0.148997165060547
0.120076323373848
0.0617018500881419
0.212093748502563
-0.0471502404710162
0.157915024307685
-0.0210868644216980
0.123035354591065
0.0138337130337091
0.0138337130337091
0.106531119107303
-0.467570112503249
-0.480930445261406
-0.468004169121226
-0.487330772638232
-0.465174119663483
-0.0741701232132354
-0.0697360976505467
-0.0741701232132354
-0.0950271302983236
0.0822880217800581
0.146932675078098
-0.0899430193447055
0.00732847480013895
-0.0812844887838509
0.00732847480013895
-0.136473071412714
-0.164433109305172
-0.0741701232132354
-0.183717348146999
-0.0741701232132354
-0.164433109305172
0.00732847480013895
-0.158790311537138
-0.165227484714566
-0.0861922881998792
-0.0856747714648943
-0.112906175875462
-0.0134179454830728
-0.0856747714648943
-0.188362096262423
-0.0759256147185258
-0.227928623598686
-0.00338554264989864
-0.00555253250568316
-0.0816963102246022
-0.00338554264989864
-0.0790891334191235
-0.0790891334191235
0.00732847480013895
-0.0759256147185258
-0.190224744761233
-0.0472265507498466
-0.0790891334191235
-0.0966602065271781
-0.0966602065271781
-0.0966602065271781
-0.190224744761233
-0.00555253250568316
-0.0877952086528342
-0.108748432218052
-0.0934654376327967
-0.138690495969329
-0.102973802272907
-0.159568147499759
-0.113455258177030
0.0447594095559982
-0.191623210235637
0.0822619502383202
-0.210930466645768
-0.0914562943424240
-0.314954757196489
-0.0162871804191491
-0.447152731647012
-0.102858651633921
-0.118646498262860
-0.102858651633921
-0.269682023264719
0.00825646581123915
-0.0341473221935295
-0.146921788172530
-0.122218834471712
-0.125135612821426
-0.337204322577063
-0.125135612821426
-0.200519802987869
-0.317948946011485
-0.115111444595489
-0.231925640226928
-0.0137791515236817
-0.125135612821426
-0.0468816681677522
-0.0877122180811775
-0.118038826506055
-0.152878611673133
-0.184183233042856
-0.134694113987088
-0.184183233042856
-0.107963424684755
-0.231925640226928
-0.447152731647012
-0.480930445261406
-0.230295115236856
-0.339779836321511
-0.275695717461420
-0.0223724311990207
-0.0223724311990207
-0.0983479924348361
-0.0793021629217530
-0.0776424056089159
-0.0928600595950947
-0.260145231624607
-0.293350571725836
-0.199718200626891
-0.143308275928021
-0.0874933750290386
-0.181919465781379
-0.124746342928292
-0.0223724311990207
-0.0998231546788732
-0.0862722804173787
-0.0575528772662785
-0.122218834471712
-0.0929971110524724
-0.129142486469460
-0.269517623202121
-0.123336796291912
-0.200519802987869
-0.110190791900376
-0.0869994839941458
0.267695179615265
-0.0610903053985756
0.375074966870943
0.115786032310731
0.458696392314694
0.345967859947197
0.0530209201197010
0.431014483120174
0.179363859491458
0.0412377502593242
0.0530209201197010
-0.0474133020571447
0.267695179615265
0.0967350401981420
0.324707362172914
0.0453109196196538
-0.00816113478004746
0.354475917329983
0.169326723745140
0.324707362172914
0.0453109196196538
0.324707362172914
0.0629522105592104
0.258764495474036
0.0165383077396384
0.324707362172914
0.226959648200110
0.129957435049743
0.178633260846329
0.0967350401981420
0.232004074155776
0.183074094137661
0.0774637878739765
0.129957435049743
0.324707362172914
0.126629123162492
0.157915024307685
0.126629123162492
0.183074094137661
0.0223932273714812
0.0774637878739765
0.114287794907200
0.0337097650604969
0.0725656587598684
0.113554524602634
-0.0474133020571447
-0.0267297132934329
-0.0474133020571447
0.0838311953856066
0.0967350401981420
-0.553920355905929
0.0391212662809170
-0.675014774574520
0.0332600399274367
0.0693939382745591
-0.449987793017499
0.214068093647743
-0.438146478262452
-0.108837491095194
-0.0239384107754534
-0.417424356400058
-0.109970746485847
-0.549850344174312
-0.326690846139676
-0.171630047796109
-0.240937431028632
-0.285065892969639
-0.280739365080739
-0.321103406546746
-0.282381852993849
-0.0656186367384100
-0.230213891353235
-0.0425451236183595
-0.274969035033913
-0.0818905663580807
0.260572669948745
0.0388882658482830
0.303023246034769
0.175112171562471
0.196131858900663
0.0315413015656065
-0.137610956861511
-0.0342248289721668
-0.0777706654989729
0.00370595391424191
0.00669741590766228
0.144041644191469
-0.0257684711714317
0.293081573722170
-0.00934761353958408
0.342090688316594
0.00471566413655951
0.172700384702504
0.330577711565537
0.172700384702504
-0.0408122451060866
0.0885921366151038
0.0416277356686287
-0.0322949535030243
-0.0667818484787875
-0.0322949535030243
0.00471566413655951
0.330577711565537
0.00471566413655951
0.330577711565537
-0.0630890072653359
-0.0322949535030243
-0.0740051484465931
-0.0426808161402424
-0.0422395643096554
0.00942518215431268
-0.196568684065031
-0.0633804730382823
-0.0322949535030243
-0.196568684065031
-0.0633804730382823
-0.118938804541635
-0.168261691899525
-0.176092385625441
-0.486065225459764
-0.406435772586623
-0.395794339059892
-0.436710176214396
0.206443628458755
0.122400406388354
0.0807417456021738
-0.347154606503091
-0.564822029644521
0.0352043768187656
-0.127689861909673
-0.403805978546235
-0.118478645541632
-0.126361755173915
-0.387169040376509
-0.219656084553472
-0.245002121609573
-0.241156530193876
-0.243065408664267
-0.234778733706931
-0.295535765043024
-0.405618779514127
-0.378121634499471
-0.268499093227476
-0.461409802268743
-0.315372684427669
